50825256
50834119
50826915
50034087
50393236
50873092
50369622
50392757
50893087
50976508
50976499
50941429
50523065
50997060
50782188
50840951
50873099
50873101
50945562
50937657
50945647
50675553
50314925
50873015
50888000
50675556
50820164
50354580
50923077
51000820
50821473
50431626
50314979
50019527
50030855
50834703
50662146
50923128
50357468
50995011
50976492
50590918
50923076
50938958
50995677
50308238
50976500
50873090
50461417
50873018
50976506
50491076
50820302
50976503
50019546
50308551
50472669
50998061
50044084
50993225
50996528
50681494
50720011
50974212
50991920
50437575
50976491
50450213
50923134
50749029
50873102
50826074
50678564
50998698
50826919
51001265
50887379
50450386
50994657
50937513
50674904
50936688
50828540
50761768
50996992
50770929
50019252
50976495
50736621
50976498
50939506
50976505
50431379
50873019
50821425
50976497
50873017
50313790
50783616
50821229
50370921
50998064
50431446
50314970
50819883
50369984
50019334
50450097
50618832
50719200
50393659
50845119
50923133
50997515
50886374
50820467
50819750
50771677
50939883
50680806
50019442
50725301
50976537
50033938
50994531
50976496
50826147
50678887
50392981
50030857
50822518
50992916
50621407
50314878
50621404
50718238
50044365
50873014
50883493
50575863
50799370
50030886
50996531
50394348
50396283
50840778
50826156
50671885
50873091
50392818
50976507
50044385
50976489
50799730
50923135
50690309
50947437
50992018
50475317
50525076
50396133
50481672
50923129
50976504
50890211
50923115
50923119
50997933
50731880
50976502
50944711
50999977
50766304
50873098
50923125
50837684
50574529
50575949
50945233
50993479
50393580
50820337
50822268
50821129
50833102
50575212
50393856
50440808
50694612
50396191
51004173
50678460
50678900
50688990
50944761
50525646
50995974
50690206
50976535
50976536
50873026
50976501
50976493
50690031
50889294
50490757
50370107
50976538
50547174
50353784
50990676
50995038
50331913
50591836
50432256
50674223
50674226
50438418
50438369
50449167
50449164
50923126
50530161
50530160
50994552
50976487
50976534
50431595
51004638
50840339
50591869
50820965
50995045
50873013
50945567
50945572
50945575
50820371
50354250
50030887
50923127
50821858
50488919
50923124
50823784
50975405
50525901
50577297
50537185
50019572
50320949
50938781
50819815
50313886
50976539
50997795
50393589
50682676
50976490
50821734
50619453
50352807
50976494
